STEP - Plot	Volt - Plot
0	1.608
-3	1.608
-6	1.608
-9	1.608
-12	1.6031
-15	1.5982
-18	1.5982
-21	1.5934
-24	1.5885
-27	1.5836
-30	1.5836
-33	1.5787
-36	1.5738
-39	1.5689
-42	1.564
-45	1.5591
-48	1.5494
-51	1.5445
-54	1.5396
-57	1.5347
-60	1.5249
-63	1.52
-66	1.5103
-69	1.5054
-72	1.4956
-75	1.4858
-78	1.4761
-81	1.4663
-84	1.4614
-87	1.4516
-90	1.4418
-93	1.4321
-96	1.4223
-99	1.4076
-102	1.3978
-105	1.3881
-108	1.3783
-111	1.3685
-114	1.3539
-117	1.3441
-120	1.3343
-123	1.3196
-126	1.3099
-129	1.3001
-132	1.2854
-135	1.2757
-138	1.261
-141	1.2512
-144	1.2366
-147	1.2268
-150	1.217
-153	1.2023
-156	1.1877
-159	1.1779
-162	1.1632
-165	1.1535
-168	1.1388
-171	1.129
-174	1.1193
-177	1.1046
-180	1.0948
-183	1.0802
-186	1.0704
-189	1.0606
-192	1.0508
-195	1.0362
-198	1.0264
-201	1.0166
-204	1.0068
-207	0.9971
-210	0.9873
-213	0.9824
-216	0.9726
-219	0.9629
-222	0.958
-225	0.9482
-228	0.9433
-231	0.9335
-234	0.9335
-237	0.9238
-240	0.9238
-243	0.9189
-246	0.914
-249	0.9091
-252	0.9091
-255	0.9091
-258	0.9042
-261	0.9042
-264	0.9042
-267	0.9042
-270	0.9091
-273	0.9091
-276	0.914
-279	0.914
-282	0.9189
-285	0.9238
-288	0.9286
-291	0.9335
-294	0.9433
-297	0.9482
-300	0.958
-303	0.9629
-306	0.9726
-309	0.9824
-312	0.9922
-315	1.002
-318	1.0117
-321	1.0264
-324	1.0362
-327	1.0508
-330	1.0606
-333	1.0753
-336	1.085
-339	1.0997
-342	1.1144
-345	1.129
-348	1.1437
-351	1.1584
-354	1.173
-357	1.1877
-360	1.2023
-363	1.217
-366	1.2317
-369	1.2414
-372	1.2561
-375	1.2708
-378	1.2854
-381	1.3001
-384	1.3148
-387	1.3294
-390	1.3441
-393	1.3587
-396	1.3734
-399	1.3881
-402	1.4027
-405	1.4125
-408	1.4272
-411	1.4418
-414	1.4565
-417	1.4663
-420	1.4809
-423	1.4956
-426	1.5054
-429	1.52
-432	1.5298
-435	1.5445
-438	1.5543
-441	1.564
-444	1.5787
-447	1.5885
-450	1.5982
-453	1.6129
-456	1.6227
-459	1.6325
-462	1.6422
-465	1.652
-468	1.6618
-471	1.6716
-474	1.6813
-477	1.6911
-480	1.7009
-483	1.7107
-486	1.7155
-489	1.7253
-492	1.7351
-495	1.74
-498	1.7498
-501	1.7546
-504	1.7644
-507	1.7693
-510	1.7742
-513	1.784
-516	1.7889
-519	1.7937
-522	1.7986
-525	1.8035
-528	1.8084
-531	1.8182
-534	1.8231
-537	1.828
-540	1.8328
-543	1.8328
-546	1.8377
-549	1.8426
-552	1.8475
-555	1.8524
-558	1.8524
-561	1.8573
-564	1.8622
-567	1.8622
-570	1.8671
-573	1.8719
-576	1.8719
-579	1.8768
-582	1.8768
-585	1.8817
-588	1.8817
-591	1.8866
-594	1.8866
-597	1.8866
-600	1.8915
-603	1.8915
-606	1.8964
-609	1.8964
-612	1.8964
-615	1.9013
-618	1.9013
-621	1.9013
-624	1.9013
-627	1.9062
-630	1.9062
-633	1.9062
-636	1.9062
-639	1.911
-642	1.911
-645	1.911
-648	1.911
-651	1.9159
-654	1.9159
-657	1.9159
-660	1.9159
-663	1.9208
-666	1.9208
-669	1.9208
-672	1.9208
-675	1.9208
-678	1.9257
-681	1.9257
-684	1.9257
-687	1.9257
-690	1.9306
-693	1.9306
-696	1.9306
-699	1.9306
-702	1.9306
-705	1.9306
-708	1.9306
-711	1.9355
-714	1.9355
-717	1.9355
-720	1.9355
-723	1.9355
-726	1.9355
-729	1.9355
-732	1.9355
-735	1.9355
-738	1.9355
-741	1.9355
-744	1.9355
-747	1.9355
-750	1.9404
-753	1.9404
-756	1.9404
-759	1.9404
-762	1.9404
-765	1.9404
-768	1.9404
-771	1.9404
-774	1.9453
-777	1.9453
-780	1.9453
-783	1.9453
-786	1.9453
-789	1.9453
-792	1.9501
-795	1.9501
-798	1.9501
-801	1.9501
-804	1.9501
-807	1.9501
-810	1.955
-813	1.955
-816	1.955
-819	1.955
-822	1.955
-825	1.955
-828	1.955
-831	1.9599
-834	1.9599
-837	1.9599
-840	1.9599
-843	1.9599
-846	1.9648
-849	1.9648
-852	1.9648
-855	1.9648
-858	1.9697
-861	1.9697
-864	1.9697
-867	1.9697
-870	1.9746
-873	1.9746
-876	1.9746
-879	1.9795
-882	1.9795
-885	1.9795
-888	1.9844
-891	1.9844
-894	1.9844
-897	1.9892
-900	1.9892
-903	1.9892
-906	1.9941
-909	1.9941
-912	1.999
-915	1.999
-918	1.999
-921	2.0039
-924	2.0039
-927	2.0039
-930	2.0088
-933	2.0088
-936	2.0137
-939	2.0137
-942	2.0137
-945	2.0186
-948	2.0186
-951	2.0235
-954	2.0235
-957	2.0283
-960	2.0283
-963	2.0283
-966	2.0283
-969	2.0332
-972	2.0332
-975	2.0332
-978	2.0381
-981	2.0381
-984	2.0381
-987	2.043
-990	2.043
-993	2.043
-996	2.0479
-999	2.0479
-1002	2.0479
-1005	2.0479
-1008	2.0479
-1011	2.0528
-1014	2.0528
-1017	2.0528
-1020	2.0528
-1023	2.0577
-1026	2.0577
-1029	2.0577
-1032	2.0577
-1035	2.0626
-1038	2.0626
-1041	2.0626
-1044	2.0626
-1047	2.0626
-1050	2.0626
-1053	2.0674
-1056	2.0674
-1059	2.0674
-1062	2.0674
-1065	2.0674
-1068	2.0674
-1071	2.0723
-1074	2.0723
-1077	2.0723
-1080	2.0723
-1083	2.0723
-1086	2.0723
-1089	2.0723
-1092	2.0723
-1095	2.0723
-1098	2.0772
-1101	2.0772
-1104	2.0772
-1107	2.0772
-1110	2.0772
-1113	2.0772
-1116	2.0772
-1119	2.0821
-1122	2.0821
-1125	2.0821
-1128	2.0821
-1131	2.0821
-1134	2.0821
-1137	2.0821
-1140	2.0821
-1143	2.0821
-1146	2.0821
-1149	2.0821
-1152	2.0821
-1155	2.0821
-1158	2.0821
-1161	2.087
-1164	2.087
-1167	2.087
-1170	2.087
-1173	2.087
-1176	2.087
-1179	2.087
-1182	2.087
-1185	2.087
-1188	2.087
-1191	2.087
-1194	2.087
-1197	2.0919
-1200	2.0919
-1203	2.0919
-1206	2.0919
-1209	2.0919
-1212	2.0919
-1215	2.0919
-1218	2.0919
-1221	2.0919
-1224	2.0919
-1227	2.0919
-1230	2.0919
-1233	2.0919
-1236	2.0919
-1239	2.0919
-1242	2.0919
-1245	2.0919
-1248	2.0919
-1251	2.0919
-1254	2.0919
-1257	2.0919
-1260	2.0919
-1263	2.0919
-1266	2.0919
-1269	2.0919
-1272	2.0919
-1275	2.0919
-1278	2.0968
-1281	2.0968
-1284	2.0968
-1287	2.0968
-1290	2.0968
-1293	2.0968
-1296	2.0968
-1299	2.0968
-1302	2.0968
-1305	2.0968
-1308	2.0968
-1311	2.0968
-1314	2.0968
-1317	2.0968
-1320	2.0968
-1323	2.0968
-1326	2.0968
-1329	2.0968
-1332	2.0968
-1335	2.0968
-1338	2.0968
-1341	2.0968
-1344	2.0968
-1347	2.0968
-1350	2.0919
-1353	2.0919
-1356	2.0919
-1359	2.0919
-1362	2.0919
-1365	2.0968
-1368	2.0919
-1371	2.0919
-1374	2.0919
-1377	2.0968
-1380	2.0968
-1383	2.0919
-1386	2.0919
-1389	2.0919
-1392	2.0919
-1395	2.0919
-1398	2.0968
-1401	2.0968
-1404	2.0968
-1407	2.0968
-1410	2.0968
-1413	2.0968
-1416	2.0968
-1419	2.0968
-1422	2.0968
-1425	2.0968
-1428	2.0968
-1431	2.0968
-1434	2.0968
-1437	2.0968
-1440	2.0968
-1443	2.0968
-1446	2.0968
-1449	2.0968
-1452	2.0968
-1455	2.0968
-1458	2.0968
-1461	2.0968
-1464	2.0968
-1467	2.0968
-1470	2.0968
-1473	2.0968
-1476	2.0968
-1479	2.0968
-1482	2.0968
-1485	2.0968
-1488	2.0968
-1491	2.0968
-1494	2.0968
-1497	2.0968
