STEP - Plot	Volt - Plot
0	1.608
3	1.6129
6	1.6129
9	1.6178
12	1.6178
15	1.6227
18	1.6227
21	1.6276
24	1.6276
27	1.6325
30	1.6325
33	1.6373
36	1.6373
39	1.6422
42	1.6422
45	1.6471
48	1.6471
51	1.652
54	1.652
57	1.6569
60	1.6569
63	1.6618
66	1.6618
69	1.6667
72	1.6667
75	1.6716
78	1.6716
81	1.6764
84	1.6764
87	1.6813
90	1.6862
93	1.6862
96	1.6911
99	1.6911
102	1.696
105	1.7009
108	1.7009
111	1.7058
114	1.7107
117	1.7155
120	1.7155
123	1.7204
126	1.7253
129	1.7253
132	1.7302
135	1.7351
138	1.74
141	1.74
144	1.7449
147	1.7498
150	1.7498
153	1.7546
156	1.7595
159	1.7595
162	1.7644
165	1.7644
168	1.7693
171	1.7693
174	1.7742
177	1.7791
180	1.7791
183	1.7791
186	1.784
189	1.784
192	1.7889
195	1.7889
198	1.7937
201	1.7937
204	1.7937
207	1.7986
210	1.7986
213	1.7986
216	1.7986
219	1.8035
222	1.8035
225	1.8035
228	1.8035
231	1.8084
234	1.8084
237	1.8084
240	1.8084
243	1.8084
246	1.8084
249	1.8084
252	1.8084
255	1.8084
258	1.8084
261	1.8084
264	1.8133
267	1.8133
270	1.8084
273	1.8084
276	1.8084
279	1.8084
282	1.8084
285	1.8084
288	1.8084
291	1.8084
294	1.8084
297	1.8084
300	1.8084
303	1.8084
306	1.8084
309	1.8084
312	1.8084
315	1.8084
318	1.8084
321	1.8084
324	1.8084
327	1.8084
330	1.8084
333	1.8084
336	1.8084
339	1.8084
342	1.8084
345	1.8084
348	1.8133
351	1.8133
354	1.8133
357	1.8133
360	1.8133
363	1.8133
366	1.8133
369	1.8182
372	1.8182
375	1.8182
378	1.8182
381	1.8182
384	1.8182
387	1.8182
390	1.8231
393	1.8231
396	1.8231
399	1.8231
402	1.8231
405	1.8231
408	1.8231
411	1.8231
414	1.8231
417	1.828
420	1.828
423	1.828
426	1.828
429	1.828
432	1.828
435	1.828
438	1.828
441	1.828
444	1.828
447	1.828
450	1.828
453	1.828
456	1.828
459	1.828
462	1.828
465	1.828
468	1.828
471	1.828
474	1.828
477	1.828
480	1.828
483	1.828
486	1.828
489	1.828
492	1.828
495	1.828
498	1.828
501	1.828
504	1.828
507	1.828
510	1.828
513	1.828
516	1.828
519	1.828
522	1.828
525	1.828
528	1.828
531	1.828
534	1.828
537	1.8328
540	1.8328
543	1.8328
546	1.8328
549	1.8328
552	1.8328
555	1.8328
558	1.8328
561	1.8328
564	1.8377
567	1.8377
570	1.8377
573	1.8377
576	1.8377
579	1.8377
582	1.8426
585	1.8426
588	1.8426
591	1.8426
594	1.8426
597	1.8426
600	1.8426
603	1.8475
606	1.8475
609	1.8475
612	1.8475
615	1.8475
618	1.8524
621	1.8524
624	1.8524
627	1.8524
630	1.8524
633	1.8524
636	1.8573
639	1.8573
642	1.8573
645	1.8573
648	1.8573
651	1.8573
654	1.8573
657	1.8622
660	1.8622
663	1.8622
666	1.8622
669	1.8622
672	1.8622
675	1.8671
678	1.8671
681	1.8671
684	1.8671
687	1.8671
690	1.8671
693	1.8719
696	1.8719
699	1.8719
702	1.8719
705	1.8719
708	1.8719
711	1.8719
714	1.8719
717	1.8719
720	1.8768
723	1.8768
726	1.8768
729	1.8768
732	1.8768
735	1.8768
738	1.8768
741	1.8768
744	1.8768
747	1.8768
750	1.8768
753	1.8817
756	1.8817
759	1.8817
762	1.8817
765	1.8817
768	1.8817
771	1.8817
774	1.8817
777	1.8817
780	1.8817
783	1.8817
786	1.8817
789	1.8817
792	1.8817
795	1.8817
798	1.8866
801	1.8866
804	1.8866
807	1.8866
810	1.8866
813	1.8866
816	1.8866
819	1.8915
822	1.8915
825	1.8915
828	1.8915
831	1.8915
834	1.8915
837	1.8915
840	1.8915
843	1.8915
846	1.8964
849	1.8964
852	1.8964
855	1.8964
858	1.8964
861	1.8964
864	1.8964
867	1.8964
870	1.9013
873	1.9013
876	1.9013
879	1.9013
882	1.9013
885	1.9013
888	1.9013
891	1.9013
894	1.9013
897	1.9062
900	1.9062
903	1.9062
906	1.9062
909	1.9062
912	1.9062
915	1.9062
918	1.9062
921	1.9062
924	1.911
927	1.911
930	1.911
933	1.911
936	1.911
939	1.911
942	1.911
945	1.911
948	1.911
951	1.911
954	1.911
957	1.911
960	1.911
963	1.911
966	1.911
969	1.911
972	1.911
975	1.911
978	1.911
981	1.911
984	1.911
987	1.911
990	1.911
993	1.911
996	1.911
999	1.911
1002	1.911
1005	1.911
1008	1.911
1011	1.911
1014	1.911
1017	1.911
1020	1.911
1023	1.911
1026	1.911
1029	1.911
1032	1.911
1035	1.9062
1038	1.9062
1041	1.9062
1044	1.9062
1047	1.9062
1050	1.9062
1053	1.9062
1056	1.9062
1059	1.9013
1062	1.9013
1065	1.9013
1068	1.8964
1071	1.8964
1074	1.8964
1077	1.8964
1080	1.8915
1083	1.8915
1086	1.8915
1089	1.8915
1092	1.8915
1095	1.8866
1098	1.8866
1101	1.8817
1104	1.8817
1107	1.8817
1110	1.8768
1113	1.8768
1116	1.8768
1119	1.8768
1122	1.8719
1125	1.8719
1128	1.8719
1131	1.8671
1134	1.8671
1137	1.8622
1140	1.8622
1143	1.8622
1146	1.8622
1149	1.8573
1152	1.8573
1155	1.8573
1158	1.8524
1161	1.8524
1164	1.8524
1167	1.8524
1170	1.8524
1173	1.8475
1176	1.8475
1179	1.8475
1182	1.8475
1185	1.8475
1188	1.8426
1191	1.8426
1194	1.8426
1197	1.8426
1200	1.8377
1203	1.8377
1206	1.8377
1209	1.8377
1212	1.8377
1215	1.8377
1218	1.8377
1221	1.8377
1224	1.8377
1227	1.8426
1230	1.8426
1233	1.8426
1236	1.8426
1239	1.8426
1242	1.8426
1245	1.8426
1248	1.8426
1251	1.8426
1254	1.8475
1257	1.8475
1260	1.8475
1263	1.8475
1266	1.8475
1269	1.8475
1272	1.8524
1275	1.8524
1278	1.8524
1281	1.8524
1284	1.8573
1287	1.8573
1290	1.8573
1293	1.8622
1296	1.8622
1299	1.8622
1302	1.8671
1305	1.8671
1308	1.8671
1311	1.8719
1314	1.8719
1317	1.8719
1320	1.8768
1323	1.8768
1326	1.8768
1329	1.8817
1332	1.8817
1335	1.8817
1338	1.8866
1341	1.8866
1344	1.8866
1347	1.8915
1350	1.8915
1353	1.8915
1356	1.8915
1359	1.8964
1362	1.8964
1365	1.8964
1368	1.9013
1371	1.9013
1374	1.9013
1377	1.9013
1380	1.9062
1383	1.9062
1386	1.9062
1389	1.9062
1392	1.9062
1395	1.9062
1398	1.911
1401	1.911
1404	1.911
1407	1.911
1410	1.911
1413	1.911
1416	1.911
1419	1.9159
1422	1.9159
1425	1.9159
1428	1.9159
1431	1.9159
1434	1.9159
1437	1.9159
1440	1.9159
1443	1.9159
1446	1.9159
1449	1.9159
1452	1.9159
1455	1.9159
1458	1.9159
1461	1.9159
1464	1.9159
1467	1.9159
1470	1.9159
1473	1.9159
1476	1.9159
1479	1.9159
1482	1.9159
1485	1.9159
1488	1.9159
1491	1.9159
1494	1.9159
1497	1.9159
